50
0 10 21 32 42 45
1 8 29 31 35 43
2 6 10 11 31 32 46
3 14 18 19 27 37
4 11 38 49
5 36 43
6 2 36 45
7 11 21 27 31 38 43 49
8 1 27 46
9 28 41
10 0 2 17 25 46
11 2 4 7 18 23 27 35 39 44
12 20 40
13 17 18 29 36
14 3 25 32
15 23 25 36
16 18 48
17 10 13 44
18 3 11 13 16 38 43
19 3 27 30 49
20 12 29
21 0 7 48
22 27 30
23 11 15 24 26 27 47 49
24 23 35 40 45
25 10 14 15
26 23 34 41 45
27 3 7 8 11 19 22 23 35 48
28 9 33
29 1 13 20 35 42
30 19 22 32 36
31 1 2 7 37
32 0 2 14 30 44
33 28
34 26
35 1 11 24 27 29 39
36 5 6 13 15 30
37 3 31 48
38 4 7 18 42
39 11 35 43
40 12 24 41 49
41 9 26 40
42 0 29 38
43 1 5 7 18 39 47
44 11 17 32
45 0 6 24 26
46 2 8 10
47 23 43
48 16 21 27 37
49 4 7 19 23 40
