2000
0 85 200 708 770 1019 1691
1 197 1411
2 140 666 680 918 1389
3 455 734 1262 1445 1839
4 225 505 527 1131 1348 1944
5 9 122 290 1684 1893
6 87 334 1053
7 235 599 1585
8 1351 1387 1799 1942
9 5 235 267 377 900 946 1350 1414 1824 1978
10 1123 1697
11 333 1691
12 189 545 610 721 884 1003 1107 1467 1602 1908 1942
13 37 134 691 1432 1590 1649 1821
14 368 869 1016 1080 1346 1435 1590 1636
15 262 765 949 1053 1059 1102
16 259 373 1012 1020 1110 1232 1444 1594 1673 1690
17 260 1645 1763 1847
18 796 1173 1204 1295
19 234 294 689 703 780 1300 1847
20 1320 1714 1807 1930 1958 1963
21 144 834 921 1600
22 189 500 740 786 940 1594
23 61 446 980
24 1238 1399 1492 1732
25 1600 1626
26 210 655
27 31 135 734 853 1040 1443
28 690 1024 1247 1896
29 286
30 576 714 763 838 873 898 1657 1765
31 27 320 617 622 1420 1567
32 64 1023 1148 1705
33 183 329 779 1067 1783 1903 1999
34 800 918 1121 1222 1278 1459 1485 1518 1568 1619
35 181 496 955 1123 1406 1644
36 560 753 1187
37 13 438 461 915 1000
38 559 577 1608 1678 1679 1763 1921
39 345 1433 1590
40 90 323 484 951 1140 1153 1505
41 375 655 768
42 1355 1601 1733
43 55 126 141 413 1266 1345 1539 1990
44 253 302 528 559 780 1042 1261
45 505 1419 1826
46 220 441 1679
47 141 1035 1191 1249 1886 1973
48 194 535
49 337 1034
50 519 1380 1790
51 122 1009 1416 1742 1877
52 566 874 1092 1917
53 1334 1403 1465
54 81 405 1248 1265 1558 1878
55 43 226 776 1253 1263
56 107 317 399 586
57 343 468 560 899 1068 1782
58 296 888
59 87 165 844 1527
60 90 745 1316 1733 1752
61 23 108 609
62 684 751 885 1131 1249 1465
63 124 418 560 597 602 692 754 1262 1828
64 32 127 153 285 683 1233 1249 1618 1870
65 795 1380 1414 1715 1780
66 817 1018 1040 1212 1638
67 550 1063 1068 1312 1341 1523 1665 1708
68 520 1359 1588 1832
69 1254 1549
70 1036 1606 1748
71 94 106 164 364 719 723 950 1725 1808
72 633 1274 1388
73 1276 1380 1521
74 223 1090 1505 1554 1798 1852 1925 1961
75 147 230 293 1074 1433 1604
76 544 721 722 760 1382 1479
77 1029 1100 1787 1914
78 623 1701
79 159 304 1379
80 330 1654
81 54 246 638 734
82 331 465 1582 1795
83 1399 1734 1737
84 435 1120 1321 1391 1448 1914 1985
85 0 606 1230
86 1124
87 6 59 394 498 637 1306 1592 1639 1641 1653 1872 1998
88 224 366 565 885 1050 1206 1299 1595
89 99 686 788 1470
90 40 60 821 972 1305 1413 1817
91 1204
92 190 655 659 899 1895
93 685 1441 1517
94 71 217 777 964 1069 1324 1371 1434 1660 1804
95 966 1228 1652 1729 1859 1932
96 902 1421
97 687 971 1130 1223 1259 1600 1828
98 320 532 1211 1239 1436 1665
99 89 991 1212 1449 1697
100 421 1004
101 147 302 575 1095 1153 1857 1970
102 538 833 1182 1333 1812
103 213 397 763 1210 1996
104 268 595 1324
105 540 617 645 1037 1468
106 71 463 740 1202
107 56 531 537 602 633 1322 1323 1942
108 61 671 706 746 822 1139 1565
109 122 189 248 625 629 742 808 1337
110 753 1611 1924
111 1129 1311 1653
112 1344 1741
113 180 512 1307 1469 1773
114 724
115 291 700 818 1168 1713
116 293 978 1496
117 412 1380 1514 1780 1926
118 259 1641 1833
119 580 826 952 1280 1339 1540
120 1934
121 673 1002 1365 1511 1793
122 5 51 109 246 711 1209 1710 1752
123 1283 1291 1448 1551 1811
124 63 157 600 677 696 976 1141 1278 1339 1700 1757
125 398 1420 1525 1607 1925
126 43 148 168 1585 1865
127 64 314 383 506 1282 1355 1369 1673 1773
128 958 1340 1548 1640 1648 1696 1855 1967
129 269 560 584 1614 1989
130 609 716 1144 1268 1652 1841
131 392 779 1103 1542 1762
132 212 673 1300 1450
133 485 794 1249 1558
134 13 408 907 1016
135 27 477 520 1126 1602 1871
136 1050 1409 1656
137 519 1468 1474 1590 1623
138 309 317 514 693 922 1687 1879 1944
139 1527 1546 1690 1723
140 2 998 1107 1261 1353 1416
141 43 47 227 412 978 1092 1494
142 539 1046 1989
143 1012 1217 1683
144 21 654 1006 1413 1877
145 1065 1809
146 580 1237 1365 1825 1846
147 75 101 880 1105 1254 1324 1364
148 126 473
149 1381
150 211 220 362 698 776 1535 1761
151 611 708 821 1091 1297 1623 1707 1863 1952
152 382 633 1528
153 64 751 1366 1462 1476 1527 1660 1797
154 214 354 385 548 1802 1806 1979
155 546 698 1042 1800
156 347 610 746 1495 1589
157 124 259 295 640 1100 1199 1334 1350 1839
158 235 661 1083 1226 1302 1663
159 79 381 526 771 974
160 377 917
161 308 346 1087 1213 1728
162 244 756 1033 1155 1494 1519 1568
163 379 423 1435 1802
164 71 596 1119 1542 1698
165 59 553 1146 1648 1716 1829
166 666 742 844 1251 1288 1453 1587 1652 1734
167 679 1149 1270
168 126 223 1490 1607 1699 1927
169 458 854 1392 1698
170 477 596
171 566 578 1222 1467
172 1114 1790
173 448 502 927 1231 1492 1683
174 556 764 807 914 1388 1719 1890
175 531 1232
176 647 757 1302 1402
177 477 1031 1227 1794
178 895 990 1047 1491 1616 1630 1990
179 839 842 1497 1692 1807 1829
180 113 595 962 1040 1540 1707 1802 1872 1909 1987
181 35 610 824 930 1046 1081 1400 1929
182 323 1074 1110 1815
183 33 466 927 931 1677
184 937 947
185 874 1151
186 401 488
187 394 891 1537 1605 1917
188 491 1319 1683 1943 1950
189 12 22 109 617 646 1356 1456 1606 1902
190 92 459 1001 1168 1372 1465 1516 1816
191 559 760 1143 1704 1764
192 563 1398 1719 1792
193 969 1076 1310 1462 1868
194 48 754 938 1336 1394 1446
195 331 773 1300 1327
196 815 1773 1963
197 1 416 583 866 1047 1112 1186 1388
198 295 363 1113 1310 1352 1363 1364 1539 1986
199 319 433 545 611 1018 1415 1463
200 0 1206 1886
201 984 1694 1723 1999
202 347 702 774 1230 1519 1533 1888
203 962 1289 1909 1918
204 408 909 1023 1420 1975
205 459 512 1014 1262
206 404 409 656 1304
207 458 1520
208 1513 1638 1966
209 404 511 795
210 26 547 921 1254 1612 1714
211 150 454 640 678 967 1561 1696 1829
212 132 512 726 1214 1411 1674 1794
213 103 294 328 401 1173 1400 1975
214 154 285 642 888 1297 1313 1521 1828
215 222 299 764 861 1081 1449 1528
216 1566
217 94 393 516 642 883
218 265 698 977 1560 1909
219 989 1230 1533 1639 1645
220 46 150 640 755 995 1129
221 1191 1490 1584 1939
222 215 270 1232
223 74 168 484 577 990 1049
224 88 768 1768 1995
225 4 1144 1232 1973
226 55 749 1429 1583
227 141 1195 1736
228 569 837 1119 1433 1985
229 320 1001 1337 1388 1725
230 75 250 492 1214 1835
231 299 1160 1798 1921
232 373 676 1681
233 482 628 1092 1240 1447 1685 1788
234 19 304 453 615 929 1176
235 7 9 158 780 817 1724
236 563 1080 1347 1454 1616 1617
237 451 560 922 1124
238 459 551 1230 1591
239 904 1066 1833 1868
240 444 844 1089 1283 1428 1622
241 1288
242 302 535 836 901 975 1555 1647
243 271 565 605 860 962 1530
244 162 284 385 468 520 797 944 1119 1994
245 548 1241 1469
246 81 122 1132 1583 1664
247 460 635 754 890 901 1163 1203
248 109 294 790 1637 1662
249 983 1040 1073 1237 1404 1985
250 230 849 857 888 1521
251 373 1086 1573 1711
252 907 1154 1181 1680 1695
253 44 798 812 1418 1890
254 996
255 287 294 697
256 1086 1339 1467
257 623 1348 1731 1798
258 369 375 431 938 1364 1380 1733 1785
259 16 118 157 316 437 625 902 1077 1513 1647 1676
260 17 305 650 733 919 1011 1334 1462 1837 1925
261 933 1677 1723 1931
262 15 303 454 972 1009 1349
263 368 1175 1298 1309
264 667 920 1751 1816 1883
265 218 349 579 605 707 1080 1372 1630
266 476 1291 1786
267 9 904 1440 1861
268 104 1166 1403 1558
269 129 721 1097 1188 1470 1626 1675 1836 1966
270 222 285 727 1313 1595
271 243 949 1033 1325 1784 1908
272 282 626 707 1039 1265 1744 1935
273 1326 1660
274 741 1874
275 1693
276 580 790
277 705 749 1976
278 879 1491
279 344 1191 1311 1997
280 1100 1833
281 602 698 1271
282 272 650 706 992 1534 1583 1747
283 329 555 558 657 830 1194 1238 1730
284 244 343 402 523 1301 1982
285 64 214 270 294 1071
286 29 517 627 904 1125 1524 1953
287 255 571 596 818
288 530 1042 1351
289 813 1895
290 5 586 1610 1614
291 115 333 1006 1369 1409 1538 1850
292 366 385 407 1078 1222 1557 1755 1927
293 75 116 533 1430 1441 1575 1791
294 19 213 248 255 285 495 786 828 1213 1335 1459
295 157 198 865 1201 1268 1591 1650 1889 1946
296 58 1084 1323 1586
297 570 822 1768 1815 1819
298 1427
299 215 231 386 466 521 755 858
300 816 1024 1045 1921
301 560 1090 1453 1565 1650 1855
302 44 101 242 317 652 1051 1468 1960
303 262 643 1592 1987
304 79 234 453 1353 1654
305 260 737 963 1483 1791 1842
306 1070 1243 1602 1793 1807
307 358 761 1084 1167 1334 1606 1676 1724
308 161 397 537 741 752 1005 1056 1293 1311 1454
309 138 557 1116 1938
310 1382
311 341 468 1078 1204 1786 1885 1890
312 614 1073 1327 1497
313 1419 1677
314 127 1303 1394
315 488 528 816 983 1096 1441
316 259 361 453 1064 1375
317 56 138 302 1509 1763
318 1037 1044 1826
319 199 718 1392
320 31 98 229 773 1186 1188 1190 1904
321 511 634 1458 1621
322 568 1795
323 40 182 461 791 1567 1738
324 1252
325 487 598 688 1748 1803
326 517 1550 1742
327 599 736 830 1151 1961 1991
328 213 1270 1421 1518 1901
329 33 283 900 991 1183 1197 1578 1950
330 80
331 82 195 984 1124
332 712 833 1788
333 11 291 403 966 1542 1650 1738 1917
334 6 508 575 796 1182
335 612
336 445 641 1196 1207 1466
337 49 547 1483 1870
338 1205 1693 1818 1855 1877
339 527 799 1172 1491 1722 1847
340 481 647 794 821
341 311 770 1201 1263 1335 1712 1777
342 738 1204 1402 1643
343 57 284
344 279 581 1250 1739
345 39 976 1148 1549 1775
346 161 682 1354
347 156 202 653 737 890 1340 1762
348 362 1096 1312 1333 1538 1834
349 265 385 422 451 964 982
350 1135 1873
351 570 920 1118 1263 1592 1649 1891
352 398 877 1766 1828
353 417 690 1228 1235 1500 1755 1975
354 154 1219 1934
355 634 673 1836
356 864 1091 1379
357 840 1362 1829
358 307 659 677 920 1218 1276 1483
359 845 1186 1468 1679 1842
360 597 610 1532 1841
361 316 885 1402
362 150 348 399 1009 1270 1662 1967
363 198 592 995 1496 1835 1968
364 71 592 652 759 1286
365 372 607 863 893 1633
366 88 292 674 1041 1240
367 707 1014 1707 1902
368 14 263 515
369 258 854 1362
370 589 980 1544 1878
371 385 614 650 736 1153 1544 1926
372 365 736 961 1425 1573 1596
373 16 232 251 505 627 954 1334 1435 1567
374 730 1183
375 41 258 740 900 1016 1733 1745
376 672 768 1278 1398 1966
377 9 160 611 637 1168 1556
378 1120 1135 1338 1560 1581 1838 1886
379 163 810 1080
380 956 1163
381 159 1153 1435 1627 1761
382 152 506 696 1419 1462 1613
383 127 417 580 1501 1590 1832 1872 1986
384 610 970 1401
385 154 244 292 349 371 456 1505 1947
386 299 783 974 1303 1574 1943
387 902 927 970 1596
388 480 569 588 1851
389 529 689 1074 1360 1949
390 647 940 1467 1639 1989
391 461 686 857 1015 1409 1532 1764
392 131 394 650
393 217 726 1248 1446 1518 1800
394 87 187 392 516 614 700 1131 1678
395 1097 1276 1432 1809 1906 1978
396 468 577 979 1257
397 103 308 1076 1079 1218 1570 1592 1952
398 125 352 765 799 837 1097 1239 1444
399 56 362 500 1451 1937 1947
400 436 516 815 839 1099 1448
401 186 213 956 1185 1932 1934
402 284 1211 1503 1576 1597 1866 1903
403 333 1183 1238 1373 1974
404 206 209 611
405 54 537
406 720 1005 1818 1996
407 292 1868
408 134 204 409 1008 1077 1231 1780 1924
409 206 408 487 1216 1327 1340 1989
410 655 1047 1074
411 1174 1175 1723 1810 1832
412 117 141 1121 1261 1365
413 43 550 1376 1637 1986
414 616 956 1449 1560 1887 1938
415 425 865 1701
416 197 846
417 353 383 521 656
418 63 517 526 555 805 874 1293 1377 1459 1781
419 423
420 1185
421 100 577 1098 1176 1450 1744 1892
422 349 513 1295 1790
423 163 419 496 522 880 1336 1499 1790
424 892 1319 1484 1680
425 415 591 643 872 974 1156 1201 1210 1549
426 717 1138
427 1340 1615 1910 1971
428 577 1971
429 733 1650 1840 1894
430 982
431 258 1702
432 680
433 199 981 1189 1835
434 1923
435 84 969 1458
436 400 1805 1998
437 259 974 1093 1221 1861 1925
438 37 1281 1562 1913
439 830 1036 1158 1172 1279
440 988 1096 1248 1707 1826 1832
441 46 743 1276 1703 1944
442 1468 1965
443 863 1162 1173 1282 1318 1568
444 240 722 810 957 1570 1686
445 336 899 963 1262 1738 1907
446 23 796 1250 1307 1849
447 1835
448 173 686 1054 1206 1353
449 1619 1703 1789
450 534 647 1816
451 237 349 697 698 1463 1516 1558 1616
452 854 980 1269 1484 1508 1951
453 234 304 316 1261 1516 1583
454 211 262 681 1832
455 3 659 669 1044 1528 1573
456 385 801 905 1513
457 655 928 1288 1365 1773
458 169 207 626 1192 1382 1574
459 190 205 238 616 644 1236 1247 1401 1539 1902
460 247 809 841 1001 1770
461 37 323 391 772 981 1191 1323 1445 1527 1705 1778 1932
462 483 802 997 1056 1497
463 106 735
464 469 661 984 1925
465 82 613 1085 1115 1450 1532
466 183 299 834 1199 1384 1946
467 576 895 1165 1214
468 57 244 311 396 1010 1255 1593 1731
469 464 1185 1612
470 1545
471 772 778 1005 1502 1829
472 1050 1147 1494 1959 1960
473 148 999 1375 1870 1918
474 894 1545 1718 1900
475 764 826 1318 1323
476 266 758 1179
477 135 170 177 804 1077 1926 1957
478 585 1324 1719
479 784
480 388 949 1380
481 340 563 596 635 866 1186 1425 1599 1605
482 233 972 1068 1907
483 462 541 694 969 1057 1080 1157 1364 1530
484 40 223 1173
485 133 1053
486 531 628 1326
487 325 409
488 186 315 614 642 683 703 976 1041 1281 1525 1782 1861
489 1269
490 1408 1732 1919 1952
491 188 795 911 1365 1532 1574 1586 1695 1749 1780 1973
492 230 554 576 700
493 585 1327 1384 1513 1702
494 840 864 1429
495 294 1760
496 35 423 529 1099 1437 1810
497 1553
498 87 758 1239
499 653 1063
500 22 399 694 714
501 1145 1152 1329 1459 1517
502 173 602 1534 1708
503 838 1011 1136 1286
504 1261 1637
505 4 45 373 1766 1917
506 127 382 796 1966
507 1353
508 334 1340
509 1426 1512 1875
510 688 802 1056 1704 1770
511 209 321 516 847 1616
512 113 205 212 601 663 907 1005 1097 1355 1503 1724
513 422 723 1594 1758 1951
514 138 529 914 1010 1294 1763 1914 1990
515 368 1282 1799 1938
516 217 394 400 511 1674 1830 1877 1954
517 286 326 418 1901
518 1243 1787
519 50 137 1471
520 68 135 244 562 941 1143 1199 1210 1784 1994
521 299 417 680 1519
522 423 1479
523 284 903 1743
524 1264 1619 1739
525 1001 1127
526 159 418 682 1192 1416 1715 1775 1991
527 4 339 530 1394 1575
528 44 315 1009 1550
529 389 496 514 1552 1693 1833
530 288 527 983 1517
531 107 175 486 939 1118 1645
532 98 718 1258 1332 1660
533 293 906 940 1034 1502 1925
534 450 1059 1329 1360 1455 1555
535 48 242 1365 1682 1706 1987
536 574 767 809 899 923 972 1399
537 107 308 405 781 1259
538 102 735 886 1210 1228 1557 1993
539 142 947 1146 1731
540 105 1963
541 483 633 660 933 1334 1951
542 924 940 1324 1403 1458 1466 1817 1912 1970
543 572
544 76 672 723 758 998 1381 1459
545 12 199 1910 1952
546 155 1101 1356 1457 1578
547 210 337 899 1114 1512 1554
548 154 245 672 1864 1961
549 1086 1592
550 67 413
551 238 618 1290
552 1663
553 165 1132 1505 1524
554 492 1356 1636 1849 1993
555 283 418 716 1472 1744
556 174 752 1672
557 309 844 1471 1609 1736 1864
558 283 1386 1680
559 38 44 191 1000 1092 1175 1275 1330 1727 1730 1765
560 36 57 63 129 237 301 695 1178 1217
561 858 1106 1133 1407
562 520
563 192 236 481 741 1420 1726
564 587 1058 1969
565 88 243 1185 1259 1367 1491
566 52 171 1301 1588 1650
567 1321 1357 1640
568 322 660 815 1341 1944
569 228 388 1008 1390 1552 1658
570 297 351 1585
571 287 677 797 1059 1484 1645 1657
572 543
573 649 1184 1225 1497 1766
574 536 1339 1935
575 101 334 641 1029 1050 1164 1734
576 30 467 492 1756
577 38 223 396 421 428 613 619 851 877 1144 1302 1420 1561 1577
578 171 840 1499 1863 1955
579 265 751 1359 1726
580 119 146 276 383 1320 1486 1618 1865
581 344 689
582 720 908 1327 1554 1970
583 197 1160 1970
584 129 731 848 1012 1778
585 478 493 836 1489 1597 1637 1686
586 56 290 698 1024 1538 1762 1956
587 564 734 1042 1593 1935
588 388 596 648 727 1011 1215 1705
589 370 1004 1344 1962 1986
590 939 1427 1449
591 425 1190 1922
592 363 364 829 876 1023 1977
593 1162
594 744 1546 1895 1908 1912
595 104 180 896 1711 1730
596 164 170 287 481 588 846 1074 1620 1674 1982
597 63 360 763 933 1504 1679 1768 1831
598 325 666 689 999 1365 1380
599 7 327 602 907 1193 1206 1956
600 124 696
601 512 1143 1509
602 63 107 281 502 599 702 853 1289 1464 1997
603 665 1320 1943 1947
604 923 1898
605 243 265 1545 1554
606 85 664 703 1441 1594 1954
607 365 857 955 982 1347 1829 1947
608 1865
609 61 130 1034 1624 1978
610 12 156 181 360 384 1444 1524
611 151 199 377 404
612 335 943 1044 1081 1530 1864
613 465 577 813 1224 1440 1731 1957
614 312 371 394 488 673 1192 1402 1615
615 234 845 1144 1484 1736
616 414 459 669 1363 1434 1968 1970
617 31 105 189 810 1000 1380
618 551 810 834 1921
619 577 985 1279 1596 1723
620 1107 1490 1587 1619
621 879 935 1206
622 31 926 1052 1150
623 78 257 677 756 1255 1325 1663
624 643 785 1540
625 109 259 657 964
626 272 458 1168 1234 1970
627 286 373 636 776 888 1088
628 233 486 750 980 1389
629 109 1815 1929
630 832 873 995 1754
631 1227 1312 1681 1762 1917
632 1945
633 72 107 152 541 723 832 935 1288 1361 1657 1660 1946
634 321 355 1731
635 247 481 1119 1215 1401
636 627 1059 1214 1218 1221 1902
637 87 377 683 918 1261 1468 1727
638 81 849 1102 1524
639 772 956 992 1405 1408
640 157 211 220 665 825 1296 1315 1325 1330 1373 1431 1434
641 336 575 1394 1550 1790
642 214 217 488 801 1480
643 303 425 624 670 748 924 929 1331 1414
644 459 687 876 1153 1477 1515 1714
645 105 1019 1029 1795 1899
646 189
647 176 340 390 450 675 1258
648 588 764 1446 1823
649 573 826 981 1362
650 260 282 371 392 1022 1248 1510 1529 1785
651 1171 1430 1846 1871 1969
652 302 364 783 996 1151 1669
653 347 499 1209 1357 1424 1494
654 144 907 1008 1486 1518 1616
655 26 41 92 410 457 1205 1856 1968
656 206 417 1483
657 283 625 978 1408 1418 1446 1985
658 1308 1431 1606 1693
659 92 358 455 1954
660 541 568 1301 1307 1515 1519 1574 1777
661 158 464 821 1232 1633 1701
662 787 1117 1404 1904 1922 1968
663 512 1081
664 606 949 952 1076 1195 1557 1581 1618
665 603 640
666 2 166 598 701 1071 1653 1688
667 264 1348
668 768 1042 1843
669 455 616 1075 1278 1683
670 643 809 946 948 1344 1432
671 108 786 1431
672 376 544 548 1208 1234 1293 1773 1809
673 121 132 355 614 688 853 903 1673
674 366 1321 1522
675 647 734 1066 1183 1658
676 232 1051 1070 1158 1751 1971
677 124 358 571 623
678 211 717 790 879 1081 1242 1351 1366 1850
679 167 749 887 1267 1370 1472 1528 1604 1768 1851
680 2 432 521 826 1825 1862
681 454 1513 1535 1827
682 346 526 971 1384 1400 1432
683 64 488 637 1526 1757
684 62 1825 1923 1973
685 93 711 1330 1561
686 89 391 448 1086 1118 1185 1444 1788 1963
687 97 644 1466 1974
688 325 510 673 1273
689 19 389 581 598 974 1075 1171 1245
690 28 353 760 862 1354 1875 1920
691 13 844 899 928 1385 1494 1520 1601 1692 1824
692 63 794 902 914 1523
693 138 1778
694 483 500 709 932 1120 1184
695 560 1048 1101 1610
696 124 382 600 798 1748 1966
697 255 451
698 150 155 218 281 451 586 758 1646
699 1305 1704
700 115 394 492 1048 1955
701 666 1261
702 202 602 1005 1188 1560
703 19 488 606 1008 1259 1568 1583
704 1437 1514 1617
705 277 1467 1599
706 108 282 1353 1520 1567 1744 1854
707 265 272 367 1296 1357 1388 1403 1650
708 0 151 1108
709 694 898 1346 1583 1759
710 1533 1685 1823
711 122 685 1367 1546
712 332 1338 1795
713 1563 1952
714 30 500 1131 1619
715 775 1621 1871
716 130 555 1077 1114 1594
717 426 678 732 859 1232 1332 1720 1812 1842 1971
718 319 532 907 1177 1313 1667 1840 1846 1985
719 71 940 1020 1352 1743 1775 1821
720 406 582 779 964 984 1605 1778
721 12 76 269 740 828 1765
722 76 444 1159 1216 1453 1504 1732
723 71 513 544 633 990 1014 1217 1301 1302 1388
724 114 820 975 1211 1228 1340
725 960 1036 1401 1451 1923
726 212 393 953 1035 1327
727 270 588 1664
728 1014 1285
729 1036 1046 1493 1542
730 374 1240 1770
731 584 1527 1689 1836
732 717 755 1096 1208 1308 1648
733 260 429
734 3 27 81 587 675 762 836 1300 1772 1855 1995
735 463 538 875 953
736 327 371 372
737 305 347 1316 1425 1564
738 342 753 902 1447 1540
739 1105 1377 1609 1613 1758
740 22 106 375 721 804 864 1480
741 274 308 563 1124 1695 1942
742 109 166 1790
743 441 1286 1414 1754
744 594 859 918 960 1106 1506 1576
745 60 891 1758 1924
746 108 156 890 1611
747 1099 1299 1356 1429 1921
748 643 831
749 226 277 679 898 1325 1338
750 628 984 1853
751 62 153 579 1038 1903 1960 1978
752 308 556
753 36 110 738 971 1022 1680
754 63 194 247 1062 1465 1515 1614
755 220 299 732 1061 1081 1473 1756 1827
756 162 623 855 1459
757 176 788 869 1573
758 476 498 544 698 1235 1300 1463 1978
759 364 879 995
760 76 191 690 1562
761 307 837 861 937 1995
762 734 1745 1914
763 30 103 597 910 1129 1727
764 174 215 475 648 918 1045 1223 1801
765 15 398 1668 1713 1881
766 981
767 536 939
768 41 224 376 668 821 1013 1588 1711 1721
769 775 1088 1569 1815
770 0 341 1386 1396 1946
771 159 849 1396 1843
772 461 471 639 811 845 1600
773 195 320 1136 1269 1713
774 202 942 1403 1666 1933
775 715 769 821 1228 1351 1418 1458 1541 1685
776 55 150 627 1745
777 94 1654
778 471 856 1002 1428 1800 1833
779 33 131 720 1408 1457 1620 1679 1736 1782 1807 1962
780 19 44 235 1090 1375
781 537 886 1566 1615
782 980 1695 1757
783 386 652 1993
784 479 1165 1544 1720 1790
785 624
786 22 294 671 845 1269 1375 1735
787 662 838 1482
788 89 757 1399 1640 1768
789 795 862 982 1107 1836 1861
790 248 276 678 1140 1234 1355 1460
791 323 807 808 1588 1595
792 1614
793 1049 1317
794 133 340 692 1159 1455 1955
795 65 209 491 789 911 977 1758
796 18 334 446 506 940 1152 1178 1320 1333 1380
797 244 571 912 1364
798 253 696 1900
799 339 398 999
800 34 1114
801 456 642 940 983 1134 1664 1769 1854
802 462 510 862 876 1539
803 1203 1248 1466 1873
804 477 740
805 418 1339
806 1807 1962
807 174 791 1013 1410
808 109 791 1180 1592 1720 1917
809 460 536 670 848 921 1035 1342 1619
810 379 444 617 618 1143 1460 1470 1912
811 772 1904
812 253 902 1038 1137 1232 1599 1701 1998
813 289 613 1060 1093 1453 1569 1607 1931
814 1099 1515
815 196 400 568 1040 1801
816 300 315 968 1085 1328
817 66 235 1192 1592
818 115 287 1021 1409 1657
819 1029 1705 1764
820 724 821 964 1579 1896 1986
821 90 151 340 661 768 775 820 1970
822 108 297 1360 1421 1459 1650 1677
823 1267 1314 1345 1437 1824 1912
824 181 976 1076 1198
825 640 981 1198 1226
826 119 475 649 680 1184 1291 1619 1912
827 1227 1326 1347 1502 1933 1967 1974
828 294 721 931 996 1014 1054 1237 1577
829 592
830 283 327 439 1400 1604 1762
831 748 917 1240 1353
832 630 633 1147
833 102 332 1650
834 21 466 618 1185 1337 1498
835 1161 1205 1297 1324 1586 1625 1627 1815
836 242 585 734 1465 1920
837 228 398 761 1222 1742
838 30 503 787 1269
839 179 400 957
840 357 494 578 1169 1534
841 460 1167 1248 1634 1812
842 179 1835
843 1284 1476
844 59 166 240 557 691 931 1047
845 359 615 772 786 1046 1673 1695
846 416 596 910 924 1211 1939
847 511 899 1404
848 584 809 1777
849 250 638 771 1186 1817
850 1702 1848
851 577 871 1917
852 992 1406
853 27 602 673 1203 1306 1744
854 169 369 452 897 1036 1184 1745 1913
855 756
856 778 965 1258 1579 1792
857 250 391 607 1106 1156 1261 1918
858 299 561 1127
859 717 744 1764
860 243 1203 1541
861 215 761 1497 1692
862 690 789 802 1151
863 365 443 1162 1266 1631
864 356 494 740 1132 1404 1842
865 295 415 1436 1641 1765
866 197 481 1917
867 1471 1586 1793
868 983 1059 1766 1774 1825
869 14 757 893 1093 1222 1396 1441 1464 1867
870 1021 1129 1711
871 851 1853
872 425 1000 1496 1930
873 30 630 1519 1643 1881 1901 1967
874 52 185 418 947 1027 1700 1839
875 735
876 592 644 802 1008 1086 1698
877 352 577
878 1195 1280 1428 1681 1828 1930
879 278 621 678 759
880 147 423
881 1689
882 1064 1508 1978
883 217 1016 1124 1712 1853 1960
884 12 1346 1508 1611
885 62 88 361
886 538 781 1139
887 679 890 1054 1105 1117 1553 1636 1954
888 58 214 250 627
889 1359
890 247 347 746 887 1945
891 187 745 1184 1306 1575
892 424 1005
893 365 869 951 1076 1670 1936
894 474 960 1680
895 178 467 1300 1451 1933
896 595 909 1287 1585 1639
897 854 1109 1378
898 30 709 749 1154 1178 1982
899 57 92 445 536 547 691 847 1174 1710
900 9 329 375 908 1139 1266 1628 1818
901 242 247 919 939
902 96 259 387 692 738 812 1410 1970
903 523 673 1294
904 239 267 286 1145 1442
905 456 1459 1490 1958 1999
906 533 1807
907 134 252 512 599 654 718 1424 1959
908 582 900 1514 1776
909 204 896 1143 1289 1640 1716
910 763 846 1740
911 491 795 1919
912 797 1533 1746 1901
913 945 1410 1875 1981
914 174 514 692 1193 1195 1549 1654 1783
915 37 1096 1461
916 955 1293 1463 1503 1784
917 160 831 989 1215
918 2 34 637 744 764 1801 1850
919 260 901 1730
920 264 351 358 990 1079 1386
921 21 210 809 1447
922 138 237 1047 1341
923 536 604 1067 1404 1686 1800 1802 1881 1993
924 542 643 846 1368 1400 1507 1740 1744 1846
925 1345 1751 1929
926 622 1085 1281 1835
927 173 183 387 1718 1889
928 457 691
929 234 643 1256 1261 1651 1709
930 181 1601 1746
931 183 828 844 1322 1874
932 694 1080 1100 1330 1522 1941
933 261 541 597 1356 1361 1375
934 1406 1490 1964
935 621 633 1597 1949 1972
936 1003 1046
937 184 761 953 1588 1689 1697
938 194 258 1599 1823 1850
939 531 590 767 901 1608
940 22 390 533 542 719 796 801 1199 1217 1251 1434 1670 1671 1867
941 520 961 1040 1443 1698
942 774 1722 1839
943 612 1235
944 244
945 913 1225
946 9 670 975 1172 1196
947 184 539 874 1512 1600 1703 1833
948 670 1073 1420 1473 1813
949 15 271 480 664 1065 1475 1495 1511
950 71 1366 1758
951 40 893 1376
952 119 664 1587 1983
953 726 735 937 1981
954 373 1950
955 35 607 916 1112 1373 1652
956 380 401 414 639 1564 1809 1922
957 444 839 1368 1379 1941 1975 1976
958 128 1557 1605
959 1096
960 725 744 894 1143 1148 1706 1832
961 372 941 1119
962 180 203 243 1150 1173
963 305 445 1017 1078 1494 1973 1988
964 94 349 625 720 820 1099 1174 1220
965 856 1063
966 95 333 1001 1647 1991
967 211 1079 1275 1586 1980
968 816 1080 1145 1164 1374 1534 1597
969 193 435 483 1556 1852 1931
970 384 387
971 97 682 753 1496 1771 1929
972 90 262 482 536 1313 1425 1869
973 1303 1857 1936
974 159 386 425 437 689 1110 1876 1907
975 242 724 946 1038
976 124 345 488 824 1388 1681
977 218 795 1965
978 116 141 657 996 1042 1114 1682 1992
979 396 1438 1462 1810
980 23 370 452 628 782 1004 1484 1587
981 433 461 649 766 825 1187 1735
982 349 430 607 789
983 249 315 530 801 868 1914
984 201 331 464 720 750
985 619 1230 1774
986 1625
987 1050 1350
988 440 1057 1422
989 219 917
990 178 223 723 920
991 99 329
992 282 639 852 1062 1266 1538 1825 1872 1917
993 1230 1464
994 995 1102 1465
995 220 363 630 759 994 1120 1380 1552 1577
996 254 652 828 978 1052 1253
997 462 1007 1786
998 140 544 1140 1231 1357 1686 1814 1887
999 473 598 799 1646 1750
1000 37 559 617 872 1934
1001 190 229 460 525 966 1125 1475 1766 1782 1891
1002 121 778 1276 1287 1457 1514 1633
1003 12 936 1839
1004 100 589 980 1342 1673 1684 1813
1005 308 406 471 512 702 892 1712
1006 144 291 1070 1289 1529
1007 997
1008 408 569 654 703 876 1608 1690
1009 51 262 362 528 1091 1127 1596
1010 468 514 1070 1224
1011 260 503 588 1921
1012 16 143 584 1025 1327 1554
1013 768 807 1567 1717
1014 205 367 723 728 828 1243 1644
1015 391 1129 1225 1485 1877
1016 14 134 375 883 1375 1630 1774
1017 963 1194 1197 1660 1926
1018 66 199 1181 1229 1577 1675
1019 0 645 1230
1020 16 719 1082 1204 1725
1021 818 870 1093 1118 1480
1022 650 753 1083 1242 1937
1023 32 204 592 1098 1231 1343 1466 1733 1793 1974
1024 28 300 586 1250 1495 1671 1765 1997
1025 1012 1252 1804 1976
1026 1661
1027 874 1096 1220
1028 1240
1029 77 575 645 819 1048 1426 1628 1795
1030 1613 1825 1893
1031 177 1303 1432 1499 1606
1032 1055 1288 1694 1986
1033 162 271 1392 1456 1494
1034 49 533 609 1445 1775 1848
1035 47 726 809 1496
1036 70 439 725 729 854 1788
1037 105 318
1038 751 812 975 1813 1989
1039 272 1138 1521
1040 27 66 180 249 815 941 1494
1041 366 488 1546
1042 44 155 288 587 668 978 1362
1043 1470 1518
1044 318 455 612 1145 1664 1783
1045 300 764 1621 1979
1046 142 181 729 845 936 1260 1916
1047 178 197 410 844 922 1150 1329 1631 1644 1966 1981
1048 695 700 1029 1260 1285 1935
1049 223 793 1293 1476 1518 1603 1780 1787 1939
1050 88 136 472 575 987 1668 1794
1051 302 676
1052 622 996 1398 1571 1791
1053 6 15 485 1152 1389 1869
1054 448 828 887 1241
1055 1032 1457 1771
1056 308 462 510 1184 1359 1479 1870
1057 483 988 1484
1058 564 1351 1419 1909
1059 15 534 571 636 868 1070 1085
1060 813
1061 755 1917 1976
1062 754 992 1693 1877 1930 1995
1063 67 499 965 1170
1064 316 882 1400 1597
1065 145 949 1798 1943
1066 239 675 1363 1384 1712
1067 33 923 1110 1480 1619
1068 57 67 482
1069 94 1113 1187 1335 1415
1070 306 676 1006 1010 1059 1104 1787
1071 285 666 1103 1144 1233 1335 1465 1621 1771
1072 1923 1963
1073 249 312 948 1514 1855
1074 75 182 389 410 596 1187 1735 1799 1947
1075 669 689
1076 193 397 664 824 893 1375 1885
1077 259 408 477 716
1078 292 311 963 1662 1819
1079 397 920 967 1767
1080 14 236 265 379 483 932 968 1982
1081 181 215 612 663 678 755 1346 1483
1082 1020
1083 158 1022 1386
1084 296 307 1291 1571 1943 1981
1085 465 816 926 1059 1453 1738 1747
1086 251 256 549 686 876 1970
1087 161 1306 1308 1362 1557 1567 1650
1088 627 769 1129 1206 1450
1089 240 1597 1786 1941
1090 74 301 780 1124 1494 1793
1091 151 356 1009
1092 52 141 233 559 1166 1422 1629
1093 437 813 869 1021 1228
1094 1130 1698 1703
1095 101 1126
1096 315 348 440 732 915 959 1027 1545
1097 269 395 398 512 1295
1098 421 1023 1602
1099 400 496 747 814 964 1638 1641 1659 1716
1100 77 157 280 932 1604 1621
1101 546 695 1498
1102 15 638 994 1765
1103 131 1071
1104 1070
1105 147 739 887
1106 561 744 857 1435
1107 12 140 620 789 1318 1792 1958
1108 708 1124 1738
1109 897
1110 16 182 974 1067 1131 1463 1835
1111 1826
1112 197 955 1367 1644 1872 1898
1113 198 1069 1291 1618
1114 172 547 716 800 978 1124 1327 1463 1488 1995
1115 465 1539 1579 1898
1116 309 1486 1506 1765 1851
1117 662 887 1225 1860
1118 351 531 686 1021
1119 164 228 244 635 961 1549 1566
1120 84 378 694 995 1177 1227 1383 1478
1121 34 412 1257 1291 1453 1602
1122 1185
1123 10 35 1317
1124 86 237 331 741 883 1090 1108 1114 1871
1125 286 1001 1269 1315 1425 1635
1126 135 1095 1775 1851
1127 525 858 1009 1982
1128 1442 1967
1129 111 220 763 870 1015 1088 1277 1763 1803
1130 97 1094
1131 4 62 394 714 1110 1634 1890
1132 246 553 864 1214 1889
1133 561 1603 1726
1134 801 1204 1323 1614
1135 350 378 1152 1572 1633 1696 1735 1764
1136 503 773 1142 1211 1622 1984
1137 812 1641
1138 426 1039 1390 1449
1139 108 886 900
1140 40 790 998 1965
1141 124 1869
1142 1136 1523 1722 1827 1904
1143 191 520 601 810 909 960 1575
1144 130 225 577 615 1071 1222 1682
1145 501 904 968 1044 1658 1682 1895
1146 165 539
1147 472 832 1208 1784
1148 32 345 960 1280 1420
1149 167 1255
1150 622 962 1047 1302 1784
1151 185 327 652 862 1468 1708
1152 501 796 1053 1135 1816 1868
1153 40 101 371 381 644 1476 1557 1879
1154 252 898 1933
1155 162 1176 1318 1716 1826
1156 425 857 1190 1245 1661
1157 483 1483
1158 439 676 1204 1501 1872
1159 722 794
1160 231 583 1255 1468 1744
1161 835
1162 443 593 863 1333 1863
1163 247 380 1415 1625 1702 1942
1164 575 968 1624
1165 467 784 1227
1166 268 1092 1224 1487 1981
1167 307 841 1689
1168 115 190 377 626
1169 840 1211
1170 1063
1171 651 689 1833 1892
1172 339 439 946 1710
1173 18 213 443 484 962 1348 1585 1905
1174 411 899 964
1175 263 411 559 1596
1176 234 421 1155 1728 1830
1177 718 1120 1549 1928
1178 560 796 898 1208 1631 1698 1860
1179 476 1321 1424 1589 1871
1180 808 1470
1181 252 1018 1350 1903 1999
1182 102 334 1484 1603 1821
1183 329 374 403 675 1693
1184 573 694 826 854 891 1056
1185 401 420 469 565 686 834 1122
1186 197 320 359 481 849 1568 1582 1635 1715 1720 1774 1854
1187 36 981 1069 1074 1211 1516
1188 269 320 702 1272
1189 433 1355 1737
1190 320 591 1156 1567 1710
1191 47 221 279 461 1216 1841
1192 458 526 614 817 1330 1361
1193 599 914 1216 1568 1854 1905 1965
1194 283 1017 1362 1586 1913
1195 227 664 878 914 1435 1655
1196 336 946 1460 1599 1628
1197 329 1017 1313 1414 1594
1198 824 825
1199 157 466 520 940 1599 1645 1650
1200 1751
1201 295 341 425 1599
1202 106 1340 1627 1996
1203 247 803 853 860
1204 18 91 311 342 1020 1134 1158 1287 1654 1747
1205 338 655 835 1389
1206 88 200 448 599 621 1088 1293 1315
1207 336 1515 1918
1208 672 732 1147 1178 1763 1842
1209 122 653 1518
1210 103 425 520 538 1602 1647
1211 98 402 724 846 1136 1169 1187 1351 1652 1990
1212 66 99 1347 1535 1626 1742 1858 1909
1213 161 294 1214
1214 212 230 467 636 1132 1213 1495
1215 588 635 917 1739 1751 1871 1941
1216 409 722 1191 1193 1239 1523
1217 143 560 723 940 1918 1924
1218 358 397 636 1243 1550 1649
1219 354 1736
1220 964 1027 1508
1221 437 636 1999
1222 34 171 292 837 869 1144 1279 1364 1673
1223 97 764
1224 613 1010 1166
1225 573 945 1015 1117 1318 1512 1883
1226 158 825 1777
1227 177 631 827 1120 1165 1382
1228 95 353 538 724 775 1093
1229 1018
1230 85 202 219 238 985 993 1019 1366 1389 1639 1763 1858
1231 173 408 998 1023 1505 1590 1715
1232 16 175 222 225 661 717 812 1671
1233 64 1071 1289 1813 1876
1234 626 672 790 1686 1906
1235 353 758 943 1291 1645
1236 459 1320 1745 1757 1847
1237 146 249 828 1370 1566
1238 24 283 403 1420 1477 1910
1239 98 398 498 1216 1932 1953
1240 233 366 730 831 1028 1580 1806
1241 245 1054 1249
1242 678 1022
1243 306 518 1014 1218 1849
1244 1923 1988
1245 689 1156 1963
1246 1417 1823
1247 28 459 1281 1467 1586 1820
1248 54 393 440 650 803 841 1732
1249 47 62 64 133 1241 1278 1540
1250 344 446 1024 1584 1706
1251 166 940
1252 324 1025 1768 1869
1253 55 996 1507
1254 69 147 210 1346
1255 468 623 1149 1160 1696 1718 1896
1256 929 1895 1901
1257 396 1121 1811
1258 532 647 856 1673
1259 97 537 565 703 1670 1841
1260 1046 1048 1910 1935 1986
1261 44 140 412 453 504 637 701 857 929 1461
1262 3 63 205 445 1621 1738 1798
1263 55 341 351 1315 1316 1327 1690 1952
1264 524 1268
1265 54 272
1266 43 863 900 992 1685 1925
1267 679 823 1290 1693
1268 130 295 1264 1683
1269 452 489 773 786 838 1125 1557 1688
1270 167 328 362 1833 1982
1271 281 1869 1880
1272 1188 1553 1647
1273 688 1766
1274 72
1275 559 967 1616 1663
1276 73 358 395 441 1002 1480 1526
1277 1129 1605 1962
1278 34 124 376 669 1249 1570 1868
1279 439 619 1222 1295
1280 119 878 1148 1341 1667
1281 438 488 926 1247 1400 1470 1865 1868
1282 127 443 515 1820
1283 123 240 1624 1691
1284 843 1568 1963
1285 728 1048 1961
1286 364 503 743 1656 1967
1287 896 1002 1204 1595
1288 166 241 457 633 1032 1995
1289 203 602 909 1006 1233 1296
1290 551 1267 1386
1291 123 266 826 1084 1113 1121 1235
1292 1351
1293 308 418 672 916 1049 1206 1714 1998
1294 514 903 1603 1791
1295 18 422 1097 1279 1856
1296 640 707 1289 1812 1957
1297 151 214 835 1494 1751 1785 1871
1298 263 1477 1685
1299 88 747 1508 1671
1300 19 132 195 734 758 895 1497
1301 284 566 660 723 1461 1746
1302 158 176 577 723 1150 1357
1303 314 386 973 1031 1431 1481 1878
1304 206 1400
1305 90 699 1372
1306 87 853 891 1087
1307 113 446 660 1525 1883
1308 658 732 1087 1356
1309 263 1333 1377 1715
1310 193 198 1998
1311 111 279 308 1438 1820
1312 67 348 631 1444 1698
1313 214 270 718 972 1197 1707 1900
1314 823 1570 1688 1948
1315 640 1125 1206 1263
1316 60 737 1263
1317 793 1123 1704 1748
1318 443 475 1107 1155 1225 1743
1319 188 424 1803 1928
1320 20 580 603 796 1236 1924
1321 84 567 674 1179 1451 1455
1322 107 931 1511 1533
1323 107 296 461 475 1134 1535 1743 1818
1324 94 104 147 478 542 835 1332 1430 1470 1629
1325 271 623 640 749
1326 273 486 827 1593
1327 195 312 409 493 582 726 1012 1114 1263 1480
1328 816 1862
1329 501 534 1047 1664 1699 1716 1913 1952
1330 559 640 685 932 1192 1462 1575 1580 1754
1331 643 1471 1690 1855
1332 532 717 1324 1907
1333 102 348 796 1162 1309 1396
1334 53 157 260 307 373 541 1791 1905 1910
1335 294 341 1069 1071 1853
1336 194 423 1493 1899
1337 109 229 834 1370 1610 1781 1817 1829
1338 378 712 749 1505 1863
1339 119 124 256 574 805 1366 1660 1694 1754
1340 128 347 409 427 508 724 1202 1913
1341 67 568 922 1280 1788
1342 809 1004 1733
1343 1023 1360 1561
1344 112 589 670 1893
1345 43 823 925 1466 1559
1346 14 709 884 1081 1254
1347 236 607 827 1212 1650
1348 4 257 667 1173 1754
1349 262 1831
1350 9 157 987 1181 1465 1486 1628 1790 1940
1351 8 288 678 775 1058 1211 1292 1876 1971
1352 198 719 1846
1353 140 304 448 507 706 831 1460
1354 346 690 1458 1538 1550
1355 42 127 512 790 1189 1467 1621 1808 1861
1356 189 546 554 747 933 1308 1436 1464 1657 1838
1357 567 653 707 998 1302 1740
1358 1589 1961
1359 68 579 889 1056 1849
1360 389 534 822 1343
1361 633 933 1192
1362 357 369 649 1042 1087 1194 1531
1363 198 616 1066 1664 1702 1895
1364 147 198 258 483 797 1222 1976
1365 121 146 412 457 491 535 598 1652 1863
1366 153 678 950 1230 1339
1367 565 711 1112 1553
1368 924 957
1369 127 291
1370 679 1237 1337 1432 1990
1371 94 1435 1822 1969 1998
1372 190 265 1305
1373 403 640 955 1866
1374 968
1375 316 473 780 786 933 1016 1076 1716
1376 413 951 1530 1539
1377 418 739 1309 1416 1605 1968 1997
1378 897 1473 1903
1379 79 356 957 1944
1380 50 65 73 117 258 480 598 617 796 995 1386 1631
1381 149 544
1382 76 310 458 1227 1892 1951
1383 1120 1590
1384 466 493 682 1066 1423
1385 691 1402
1386 558 770 920 1083 1290 1380
1387 8 1736
1388 72 174 197 229 707 723 976 1459 1903
1389 2 628 1053 1205 1230 1443 1614 1730
1390 569 1138 1499 1564
1391 84
1392 169 319 1033
1393 1442 1903
1394 194 314 527 641 1399
1395 1628 1677 1972
1396 770 771 869 1333 1749
1397 1909 1950 1960
1398 192 376 1052 1436 1724
1399 24 83 536 788 1394
1400 181 213 682 830 924 1064 1281 1304 1868
1401 384 459 635 725 1513 1868
1402 176 342 361 614 1385 1439 1608 1690
1403 53 268 542 707 774 1835
1404 249 662 847 864 923 1831
1405 639
1406 35 852 934
1407 561
1408 490 639 657 779 1869
1409 136 291 391 818 1679 1702 1762 1865
1410 807 902 913
1411 1 212 1483 1834
1412 1790 1852
1413 90 144 1577 1604 1673
1414 9 65 643 743 1197 1418 1799 1902
1415 199 1069 1163 1526 1780 1923 1976
1416 51 140 526 1377 1936
1417 1246 1605
1418 253 657 775 1414 1642 1714
1419 45 313 382 1058
1420 31 125 204 563 577 948 1148 1238 1525 1680
1421 96 328 822 1812
1422 988 1092 1862 1875
1423 1384 1884
1424 653 907 1179 1912
1425 372 481 737 972 1125 1650 1730
1426 509 1029 1821
1427 298 590 1517
1428 240 778 878 1742 1886
1429 226 494 747 1939
1430 293 651 1324 1973
1431 640 658 671 1303 1682
1432 13 395 670 682 1031 1370 1635 1951
1433 39 75 228 1780 1814
1434 94 616 640 940 1563 1959
1435 14 163 373 381 1106 1195 1371 1524 1612
1436 98 865 1356 1398
1437 496 704 823 1813 1866
1438 979 1311
1439 1402 1510
1440 267 613 1682 1929
1441 93 293 315 606 869
1442 904 1128 1393 1507 1860
1443 27 941 1389 1473 1554
1444 16 398 610 686 1312 1522 1781
1445 3 461 1034 1824
1446 194 393 648 657 1448 1573 1779 1980
1447 233 738 921 1808 1936
1448 84 123 400 1446 1660
1449 99 215 414 590 1138
1450 132 421 465 1088
1451 399 725 895 1321 1640 1813
1452 1936
1453 166 301 722 813 1085 1121
1454 236 308 1869
1455 534 794 1321
1456 189 1033 1682
1457 546 779 1002 1055
1458 321 435 542 775 1354
1459 34 294 418 501 544 756 822 905 1388
1460 790 810 1196 1353 1848
1461 915 1261 1301
1462 153 193 260 382 979 1330
1463 199 451 758 916 1110 1114 1634 1883
1464 602 869 993 1356
1465 53 62 190 754 836 994 1071 1350
1466 336 542 687 803 1023 1345 1660
1467 12 171 256 390 705 1247 1355 1663
1468 105 137 302 359 442 637 1151 1160 1535
1469 113 245
1470 89 269 810 1043 1180 1281 1324
1471 519 557 867 1331 1609 1692 1782
1472 555 679 1503
1473 755 948 1378 1443 1527 1793
1474 137 1619 1798 1862
1475 949 1001
1476 153 843 1049 1153 1529
1477 644 1238 1298 1629 1951
1478 1120 1986
1479 76 522 1056 1613 1652 1722
1480 642 740 1021 1067 1276 1327 1522 1603 1793 1908
1481 1303 1600
1482 787
1483 305 337 358 656 1081 1157 1411 1531
1484 424 452 571 615 980 1057 1182 1502 1786 1793
1485 34 1015 1553
1486 580 654 1116 1350 1775
1487 1166 1493 1928 1939
1488 1114 1793 1965
1489 585
1490 168 221 620 905 934
1491 178 278 339 565
1492 24 173 1703 1721
1493 729 1336 1487 1686 1754
1494 141 162 472 653 691 963 1033 1040 1090 1297
1495 156 949 1024 1214 1637 1890 1943
1496 116 363 872 971 1035 1954
1497 179 312 462 573 861 1300 1778
1498 834 1101 1532
1499 423 578 1031 1390 1682 1761 1917
1500 353
1501 383 1158 1581 1831
1502 471 533 827 1484 1732 1749 1984
1503 402 512 916 1472 1690
1504 597 722 1538 1627
1505 40 74 385 553 1231 1338 1637
1506 744 1116
1507 924 1253 1442
1508 452 882 884 1220 1299
1509 317 601
1510 650 1439 1586 1855
1511 121 949 1322 1598 1787 1965
1512 509 547 947 1225 1962
1513 208 259 456 493 681 1401 1558 1944
1514 117 704 908 1002 1073 1532 1574 1819
1515 644 660 754 814 1207 1801
1516 190 451 453 1187 1606
1517 93 501 530 1427 1854 1950
1518 34 328 393 654 1043 1049 1209
1519 162 202 521 660 873 1971
1520 207 691 706 1860
1521 73 214 250 1039
1522 674 932 1444 1480 1639 1697 1722 1991
1523 67 692 1142 1216 1552
1524 286 553 610 638 1435 1638 1942
1525 125 488 1307 1420 1843 1881 1890 1952
1526 683 1276 1415
1527 59 139 153 461 731 1473 1557
1528 152 215 455 679
1529 650 1006 1476 1884
1530 243 483 612 1376 1736 1995
1531 1362 1483 1712
1532 360 391 465 491 1498 1514 1550 1814 1898
1533 202 219 710 912 1322 1656 1923
1534 282 502 840 968 1924
1535 150 681 1212 1323 1468
1536 1796
1537 187
1538 291 348 586 992 1354 1504 1585
1539 43 198 459 802 1115 1376 1597 1668 1875 1967
1540 119 180 624 738 1249 1917
1541 775 860 1885 1909
1542 131 164 333 729
1543 1890
1544 370 371 784 1823
1545 470 474 605 1096 1551 1875
1546 139 594 711 1041 1570
1547 1763 1902
1548 128 1710 1776 1804 1979
1549 69 345 425 914 1119 1177 1586
1550 326 528 641 1218 1354 1532
1551 123 1545
1552 529 569 995 1523
1553 497 887 1272 1367 1485 1718 1836 1897 1907
1554 74 547 582 605 1012 1443 1704 1899 1925
1555 242 534
1556 377 969
1557 292 538 664 958 1087 1153 1269 1527
1558 54 133 268 451 1513 1621 1645 1688
1559 1345 1831
1560 218 378 414 702
1561 211 577 685 1343 1724 1974
1562 438 760
1563 713 1434 1861
1564 737 956 1390 1866
1565 108 301 1758
1566 216 781 1119 1237 1727 1906
1567 31 323 373 706 1013 1087 1190 1906
1568 34 162 443 703 1186 1193 1284 1767 1811
1569 769 813
1570 397 444 1278 1314 1546 1594
1571 1052 1084 1791 1941
1572 1135 1726 1839
1573 251 372 455 757 1446 1789
1574 386 458 491 660 1514 1912
1575 293 527 891 1143 1330 1759 1864
1576 402 744
1577 577 828 995 1018 1413 1596
1578 329 546
1579 820 856 1115 1740 1813 1909
1580 1240 1330 1639 1895 1899
1581 378 664 1501 1883 1973
1582 82 1186 1987
1583 226 246 282 453 703 709
1584 221 1250 1977
1585 7 126 570 896 1173 1538
1586 296 491 835 867 967 1194 1247 1510 1549 1693
1587 166 620 952 980 1687 1746
1588 68 566 768 791 937
1589 156 1179 1358 1729 1902
1590 13 14 39 137 383 1231 1383
1591 238 295
1592 87 303 351 397 549 808 817 1619 1890
1593 468 587 1326 1626 1657 1951
1594 16 22 513 606 716 1197 1570
1595 88 270 791 1287
1596 372 387 619 1009 1175 1577 1780
1597 402 585 935 968 1064 1089 1539 1605 1687
1598 1511
1599 481 705 812 938 1196 1199 1201 1637 1875
1600 21 25 97 772 947 1481 1673
1601 42 691 930 1715
1602 12 135 306 1098 1121 1210
1603 1049 1133 1182 1294 1480 1829 1895 1983
1604 75 679 830 1100 1413 1844 1961
1605 187 481 720 958 1277 1377 1417 1597 1872
1606 70 189 307 658 1031 1516
1607 125 168 813 1926 1954
1608 38 939 1008 1402 1753 1821
1609 557 739 1471 1691
1610 290 695 1337 1700 1988
1611 110 746 884 1745 1953 1959
1612 210 469 1435
1613 382 739 1030 1479 1945
1614 129 290 754 792 1134 1389
1615 427 614 781
1616 178 236 451 511 654 1275 1718
1617 236 704
1618 64 580 664 1113
1619 34 449 524 620 714 809 826 1067 1474 1592
1620 596 779 1822 1980
1621 321 715 1045 1071 1100 1262 1355 1558 1981
1622 240 1136
1623 137 151
1624 609 1164 1283
1625 835 986 1163
1626 25 269 1212 1593 1925 1964
1627 381 835 1202 1504
1628 900 1029 1196 1350 1395
1629 1092 1324 1477 1823 1977
1630 178 265 1016
1631 863 1047 1178 1380
1632 1806
1633 365 661 1002 1135 1788 1794
1634 841 1131 1463 1730
1635 1125 1186 1432 1881
1636 14 554 887 1649 1865 1988
1637 248 413 504 585 1495 1505 1599
1638 66 208 1099 1524 1757 1799
1639 87 219 390 896 1230 1522 1580
1640 128 567 788 909 1451 1783 1805 1992
1641 87 118 865 1099 1137 1817
1642 1418
1643 342 873 1749 1985
1644 35 1014 1047 1112 1658 1807
1645 17 219 531 571 1199 1235 1558 1982
1646 698 999 1789
1647 242 259 966 1210 1272
1648 128 165 732 1671 1704
1649 13 351 1218 1636 1732 1987
1650 295 301 333 429 566 707 822 833 1087 1199 1347 1425
1651 929 1724
1652 95 130 166 955 1211 1365 1479 1968
1653 87 111 666 1774 1827 1956
1654 80 304 777 914 1204 1930
1655 1195 1689
1656 136 1286 1533
1657 30 571 633 818 1356 1593 1759
1658 569 675 1145 1644 1677 1750
1659 1099 1696 1773 1826
1660 94 153 273 532 633 1017 1339 1448 1466 1756
1661 1026 1156 1908 1942
1662 248 362 1078 1663
1663 158 552 623 1275 1467 1662 1677 1717 1782 1980
1664 246 727 801 1044 1329 1363 1904
1665 67 98
1666 774
1667 718 1280 1750
1668 765 1050 1539 1991
1669 652
1670 893 940 1259 1715
1671 940 1024 1232 1299 1648
1672 556 1768 1817 1882
1673 16 127 673 845 1004 1222 1258 1413 1600 1692 1981
1674 212 516 596
1675 269 1018
1676 259 307
1677 183 261 313 822 1395 1658 1663 1923
1678 38 394 1875
1679 38 46 359 597 779 1409 1805 1907
1680 252 424 558 753 894 1420
1681 232 631 878 976 1929
1682 535 978 1144 1145 1431 1440 1456 1499
1683 143 173 188 669 1268 1805
1684 5 1004 1848 1929 1994
1685 233 710 775 1266 1298
1686 444 585 923 998 1234 1493 1749 1822
1687 138 1587 1597 1691
1688 666 1269 1314 1558
1689 731 881 937 1167 1655 1748
1690 16 139 1008 1263 1331 1402 1503
1691 0 11 1283 1609 1687 1766 1811 1833 1967
1692 179 691 861 1471 1673
1693 275 338 529 658 1062 1183 1267 1586
1694 201 1032 1339 1889
1695 252 491 741 782 845 1797
1696 128 211 1135 1255 1659 1861 1906
1697 10 99 937 1522
1698 164 169 876 941 1094 1178 1312 1783 1842
1699 168 1329
1700 124 874 1610
1701 78 415 661 812 1838
1702 431 493 850 1163 1363 1409
1703 441 449 947 1094 1492
1704 191 510 699 1317 1554 1648
1705 32 461 588 819 1815
1706 535 960 1250
1707 151 180 367 440 1313 1753
1708 67 502 1151 1823
1709 929
1710 122 899 1172 1190 1548
1711 251 595 768 870 1823
1712 341 883 1005 1066 1531 1751
1713 115 765 773
1714 20 210 644 1293 1418
1715 65 526 1186 1231 1309 1601 1670 1968
1716 165 909 1099 1155 1329 1375 1783 1794
1717 1013 1663
1718 474 927 1255 1553 1616
1719 174 192 478 1734 1780 1895
1720 717 784 808 1186 1953
1721 768 1492
1722 339 942 1142 1479 1522
1723 139 201 261 411 619
1724 235 307 512 1398 1561 1651
1725 71 229 1020 1828 1878
1726 563 579 1133 1572
1727 559 637 763 1566 1786 1809 1924
1728 161 1176 1901
1729 95 1589 1745 1755
1730 283 559 595 919 1389 1425 1634
1731 257 468 539 613 634 1947
1732 24 490 722 1248 1502 1649
1733 42 60 258 375 1023 1342
1734 83 166 575 1719
1735 786 981 1074 1135 1911
1736 227 557 615 779 1219 1387 1530
1737 83 1189 1908
1738 323 333 445 1085 1108 1262
1739 344 524 1215 1794 1809
1740 910 924 1357 1579 1864 1961
1741 112
1742 51 326 837 1212 1428 1828
1743 523 719 1318 1323
1744 272 421 555 706 853 924 1160
1745 375 762 776 854 1236 1611 1729
1746 912 930 1301 1587 1764
1747 282 1085 1204
1748 70 325 696 1317 1689 1831
1749 491 1396 1502 1643 1686
1750 999 1658 1667 1768 1788
1751 264 676 925 1200 1215 1297 1712
1752 60 122
1753 1608 1707 1940
1754 630 743 1330 1339 1348 1493 1923
1755 292 353 1729
1756 576 755 1660
1757 124 683 782 1236 1638 1763
1758 513 739 745 795 950 1565
1759 709 1575 1657
1760 495
1761 150 381 1499 1817 1875
1762 131 347 586 631 830 1409 1845 1863
1763 17 38 317 514 1129 1208 1230 1547 1757
1764 191 391 819 859 1135 1746 1808
1765 30 559 721 865 1024 1102 1116 1934
1766 352 505 573 868 1001 1273 1691
1767 1079 1568
1768 224 297 597 679 788 1252 1672 1750 1784
1769 801
1770 460 510 730
1771 971 1055 1071 1843 1981 1992
1772 734
1773 113 127 196 457 672 1659
1774 868 985 1016 1186 1653
1775 345 526 719 1034 1126 1486
1776 908 1548
1777 341 660 848 1226
1778 461 584 693 720 1497
1779 1446
1780 65 117 408 491 1049 1415 1433 1596 1719
1781 418 1337 1444
1782 57 488 779 1001 1471 1663 1844 1970
1783 33 914 1044 1640 1698 1716 1888
1784 271 520 916 1147 1150 1768 1963
1785 258 650 1297
1786 266 311 997 1089 1484 1727 1800 1925 1966
1787 77 518 1049 1070 1511
1788 233 332 686 1036 1341 1633 1750
1789 449 1573 1646 1944
1790 50 172 422 423 641 742 784 1350 1412 1917
1791 293 305 1052 1294 1334 1571
1792 192 856 1107
1793 121 306 867 1023 1090 1473 1480 1484 1488
1794 177 212 1050 1633 1716 1739
1795 82 322 645 712 1029 1988
1796 1536
1797 153 1695 1971
1798 74 231 257 1065 1262 1474
1799 8 515 1074 1414 1638 1916
1800 155 393 778 923 1786 1988
1801 764 815 918 1515
1802 154 163 180 923 1884
1803 325 1129 1319 1924
1804 94 1025 1548
1805 436 1640 1679 1683 1974
1806 154 1240 1632 1899
1807 20 179 306 779 806 906 1644 1820
1808 71 1355 1447 1764 1908 1971
1809 145 395 672 956 1727 1739 1946
1810 411 496 979
1811 123 1257 1568 1691 1824
1812 102 717 841 1296 1421 1837
1813 948 1004 1038 1233 1437 1451 1579 1880
1814 998 1433 1532 1919 1948 1950
1815 182 297 629 769 835 1705
1816 190 264 450 1152
1817 90 542 849 1337 1641 1672 1761
1818 338 406 900 1323
1819 297 1078 1514 1825 1840 1849
1820 1247 1282 1311 1807 1915
1821 13 719 1182 1426 1608
1822 1371 1620 1686
1823 648 710 938 1246 1544 1629 1708 1711
1824 9 691 823 1445 1811 1887
1825 146 680 684 868 992 1030 1819 1926
1826 45 318 440 1111 1155 1659
1827 681 755 1142 1653
1828 63 97 214 352 878 1725 1742
1829 165 179 211 357 471 607 1337 1603
1830 516 1176 1909
1831 597 1349 1404 1501 1559 1748
1832 68 383 411 440 454 960 1882
1833 118 239 280 529 778 947 1171 1270 1691
1834 348 1411
1835 230 363 433 447 842 926 1110 1403
1836 269 355 731 789 1553
1837 260 1812
1838 378 1356 1701 1972
1839 3 157 874 942 1003 1572 1920
1840 429 718 1819
1841 130 360 1191 1259 1894
1842 305 359 717 864 1208 1698
1843 668 771 1525 1771
1844 1604 1782
1845 1762
1846 146 651 718 924 1352
1847 17 19 339 1236
1848 850 1034 1460 1684 1940
1849 446 554 1243 1359 1819 1896
1850 291 678 918 938
1851 388 679 1116 1126
1852 74 969 1412
1853 750 871 883 1335
1854 706 801 1186 1193 1517
1855 128 301 338 734 1073 1331 1510
1856 655 1295
1857 101 973 1889
1858 1212 1230
1859 95 1957
1860 1117 1178 1442 1520
1861 267 437 488 789 1355 1563 1696 1888
1862 680 1328 1422 1474
1863 151 578 1162 1338 1365 1762 1949
1864 548 557 612 1575 1740
1865 126 580 608 1281 1409 1636
1866 402 1373 1437 1564
1867 869 940 1993
1868 193 239 407 1152 1278 1281 1400 1401
1869 972 1053 1141 1252 1271 1408 1454
1870 64 337 473 1056
1871 135 651 715 1124 1179 1215 1297 1939
1872 87 180 383 992 1112 1158 1605
1873 350 803 1905
1874 274 931
1875 509 690 913 1422 1539 1545 1599 1678 1761
1876 974 1233 1351 1880 1951
1877 51 144 338 516 1015 1062 1884
1878 54 370 1303 1725
1879 138 1153
1880 1271 1813 1876
1881 765 873 923 1525 1635
1882 1672 1832 1892
1883 264 1225 1307 1463 1581 1971
1884 1423 1529 1802 1877
1885 311 1076 1541
1886 47 200 378 1428
1887 414 998 1824 1913
1888 202 1783 1861 1937
1889 295 927 1132 1694 1857 1902
1890 174 253 311 1131 1495 1525 1543 1592
1891 351 1001
1892 421 1171 1382 1882
1893 5 1030 1344
1894 429 1841
1895 92 289 594 1145 1256 1363 1580 1603 1719
1896 28 820 1255 1849
1897 1553
1898 604 1112 1115 1532
1899 645 1336 1554 1580 1806
1900 474 798 1313
1901 328 517 873 912 1256 1728
1902 189 367 459 636 1414 1547 1589 1889
1903 33 402 751 1181 1378 1388 1393 1939
1904 320 662 811 1142 1664
1905 1173 1193 1334 1873
1906 395 1234 1566 1567 1696 1913
1907 445 482 974 1332 1553 1679
1908 12 271 594 1480 1661 1737 1808 1948
1909 180 203 218 1058 1212 1397 1541 1579 1830
1910 427 545 1238 1260 1334 1927
1911 1735
1912 542 594 810 823 826 1424 1574
1913 438 854 1194 1329 1340 1887 1906
1914 77 84 514 762 983
1915 1820
1916 1046 1799
1917 52 187 333 505 631 808 851 866 992 1061 1499 1540 1790
1918 203 473 857 1207 1217 1923
1919 490 911 1814
1920 690 836 1839 1953
1921 38 231 300 618 747 1011
1922 591 662 956
1923 434 684 725 1072 1244 1415 1533 1677 1754 1918
1924 110 408 745 1217 1320 1534 1727 1803
1925 74 125 260 437 464 533 1266 1554 1626 1786
1926 117 371 477 1017 1607 1825
1927 168 292 1910 1972
1928 1177 1319 1487
1929 181 629 925 971 1440 1681 1684
1930 20 872 878 1062 1654
1931 261 813 969 1962
1932 95 401 461 1239
1933 774 827 895 1154
1934 120 354 401 1000 1765
1935 272 574 587 1048 1260 1971
1936 893 973 1416 1447 1452
1937 399 1022 1888 1940
1938 309 414 515
1939 221 846 1049 1429 1487 1871 1903
1940 1350 1753 1848 1937
1941 932 957 1089 1215 1571
1942 8 12 107 741 1163 1524 1661
1943 188 386 603 1065 1084 1495
1944 4 138 441 568 1379 1513 1789
1945 632 890 1613
1946 295 466 633 770 1809
1947 385 399 603 607 1074 1731
1948 1314 1814 1908
1949 389 935 1863
1950 188 329 954 1397 1517 1814
1951 452 513 541 1382 1432 1477 1593 1876
1952 151 397 490 545 713 1263 1329 1525
1953 286 1239 1611 1720 1920
1954 516 606 659 887 1496 1607
1955 578 700 794
1956 586 599 1653
1957 477 613 1296 1859 1981
1958 20 905 1107
1959 472 907 1434 1611
1960 302 472 751 883 1397
1961 74 327 548 1285 1358 1604 1740
1962 589 779 806 1277 1512 1931 1981
1963 20 196 540 686 1072 1245 1284 1784
1964 934 1626
1965 442 977 1140 1193 1488 1511 1987
1966 208 269 376 506 696 1047 1786
1967 128 362 827 873 1128 1286 1539 1691
1968 363 616 655 662 1377 1652 1715
1969 564 651 1371
1970 101 542 582 583 616 626 821 902 1086 1782
1971 427 428 676 717 1351 1519 1797 1808 1883 1935
1972 935 1395 1838 1927
1973 47 225 491 684 963 1430 1581
1974 403 687 827 1023 1561 1805
1975 204 213 353 957
1976 277 957 1025 1061 1364 1415
1977 592 1584 1629
1978 9 395 609 751 758 882
1979 154 1045 1548
1980 967 1446 1620 1663
1981 913 953 1047 1084 1166 1621 1673 1771 1957 1962
1982 284 596 898 1080 1127 1270 1645
1983 952 1603
1984 1136 1502
1985 84 228 249 657 718 1643
1986 198 383 413 589 820 1032 1260 1478
1987 180 303 535 1582 1649 1965
1988 963 1244 1610 1636 1795 1800
1989 129 142 390 409 1038
1990 43 178 514 1211 1370
1991 327 526 966 1522 1668
1992 978 1640 1771
1993 538 554 783 923 1867
1994 244 520 1684
1995 224 734 761 1062 1114 1288 1530
1996 103 406 1202
1997 279 602 1024 1377
1998 87 436 812 1293 1310 1371
1999 33 201 905 1181 1221
